TELSTAR 18V (APSTAR 5C) 
1 43611U 18069A   18281.78750405 -.00000328  00000-0  00000+0 0  9998
2 43611   0.0430 290.5637 0001287 248.2353 258.5775  1.00271544   475
FALCON 9 R/B            
1 43612U 18069B   18281.13600949  .00002695  00000-0  22094-3 0  9994
2 43612  27.0217 229.7796 5735278 214.1287  90.3048  4.48697181  1251
ICESAT-2                
1 43613U 18070A   18281.50325252  .00001308  00000-0  46960-4 0  9998
2 43613  92.0086 254.8650 0003115  62.8511 297.3056 15.28531061  3510
SURFSAT                 
1 43614U 18070B   18281.90472622  .00002445  00000-0  69158-4 0  9994
2 43614  93.0251 259.1882 0015583 190.9923 169.1045 15.36280578  3587
CP-7 (DAVE)             
1 43615U 18070C   18281.90456916  .00002407  00000-0  68080-4 0  9994
2 43615  93.0249 259.1881 0015489 190.6765 169.4210 15.36289392  3580
ELFIN-B                 
1 43616U 18070D   18281.44773188 -.00000006  00000-0  00000+0 0  9994
2 43616  93.0222 258.9845 0016720 195.4137 164.6782 15.36340774  3510
ELFIN-A                 
1 43617U 18070E   18281.44744400 -.00000006  00000-0  00000+0 0  9990
2 43617  93.0264 259.0085 0015643 189.3391 170.8014 15.36368861  3516
SSTL S1-4               
1 43618U 18071A   18281.82289439 -.00000535  00000-0 -43697-4 0  9992
2 43618  97.8187 171.6052 0013786 168.5030 191.6513 14.94852845  3306
NOVASAR 1               
1 43619U 18071B   18281.82481305 -.00000606  00000-0 -50397-4 0  9993
2 43619  97.8193 171.6065 0014249 167.7868 192.3708 14.94719133  3309
PSLV R/B                
1 43620U 18071C   18281.81666791  .00000216  00000-0  27455-4 0  9992
2 43620  97.7074 171.0315 0031526 155.7692 204.5016 14.90755613  3294
REMDEB-NET              
1 43621U 98067PM  18281.82984323  .00046128  00000-0  62644-3 0  9991
2 43621  51.6487 171.5629 0003305 236.3086 123.7604 15.57143791  3413
BEIDOU-3 M13            
1 43622U 18072A   18280.67908648  .00000032  00000-0  00000+0 0  9996
2 43622  54.9716 156.7586 0038389 184.3453 186.2383  1.85120233   330
BEIDOU-3 M14            
1 43623U 18072B   18280.35912406  .00000029  00000-0  00000+0 0  9995
2 43623  54.9753 156.7625 0004900 317.6429 283.8571  1.86232893   321
CZ-3B R/B               
1 43624U 18072C   18281.28667555  .00019728  00000-0  64122-3 0  9996
2 43624  54.9709 147.0063 5803029 176.3697 191.2343  4.41957019   825
YZ-1 R/B                
1 43625U 18072D   18274.57722350  .00000014  00000-0  00000+0 0  9995
2 43625  54.7903 156.9011 0089860   3.1973 356.9799  1.77461320   219
HTV-7 (KOUNOTORI 7)     
1 43630U 18073A   18280.70029698  .00001705  00000-0  33381-4 0  9990
2 43630  51.6413 178.0224 0003564 253.6772 211.8473 15.53787705136017
AZERSPACE 2             
1 43632U 18074A   18278.00643429 -.00000137  00000-0  00000+0 0  9993
2 43632   1.9761 170.3566 3681726 179.1316 316.4208  1.60703616   153
HORIZONS 3E             
1 43633U 18074B   18281.56876161 -.00000096  00000-0  00000+0 0  9994
2 43633   0.0890 272.4036 0000779 137.3282 336.3973  1.00274935   208
ARIANE 5 R/B            
1 43634U 18074C   18281.39691705  .00000727  00000-0  40291-3 0  9995
2 43634   5.8078 168.7559 7269240 186.3511 153.3656  2.28509432   280
ARIANE 5 DEB [SYLDA]    
1 43635U 18074D   18278.35780867 -.00000246  00000-0  10000-3 0  9998
2 43635   5.9735 168.1303 7273542 185.7436 155.4796  2.27985581   215
CENTISPACE-1 S1         
1 43636U 18075A   18281.83385538  .00000068  00000-0  25308-4 0  9992
2 43636  98.2158 354.8343 0010342 239.1311 120.8859 14.57101650  1405
KZ-1A R/B               
1 43637U 18075B   18280.64525010  .00020202  22932-5  17950-3 0  9990
2 43637  98.2295 354.3151 0399304  12.8738 348.2325 15.08307635  1274
1998-067PN              
1 43638U 98067PN  18280.93810304 -.00000471  00000-0  13230-6 0  9999
2 43638  51.6390 176.8356 0002221 214.8885 145.1957 15.54382569   201
1998-067PP              
1 43639U 98067PP  18281.51662097  .00007955  00000-0  12570-3 0  9995
2 43639  51.6394 173.9487 0004563 227.7319 132.3357 15.54475445   292
1998-067PQ              
1 43640U 98067PQ  18281.83798910  .00010018  00000-0  15610-3 0  9998
2 43640  51.6383 172.3466 0005244 222.7556 137.3007 15.54524499   344
SAOCOM 1A               
1 43641U 18076A   18281.81890138  .00060150  00000-0  76299-2 0  9995
2 43641  97.8951 106.6952 0013639 227.7938 132.2244 14.81354501   110